### EEE 598 OR in PWRS
#### Load data:
#set CDLINES := 19 16 14 36 37;
# Loads the data for the Buses and assigns the columns
param: BUS: bus_num bus_Pd:= 
1	1	108  
2	2	97  
3	3	90  
4	4	154  
5	5	71  #
6	6	148  
7	7	0  
8	8	85  #
9	9	175  
10	10	100  
11	11	0    
12	12	0    
13	13	130 
14	14	92 
15	15	158
16	16	150 
17	17	0 
18	18	162 
19	19	90 
20	20	65  
21	21	0    
22	22	0    
23	23	0    
24	24	0  ;

# Loads the data for the GENs and assigns the columns
param: GEND: genD_bus genD_minUP genD_minDN genD_status genD_Pmax genD_Pmin genC_Startup genC_Cost
genC_NLoad SPRamp NSRamp HRamp StartRamp gen_Style:= 
1	1	1	1	1	20	15.8	75.85	163.02	1138.68	20	20	20	20	0
2	1	1	1	1	20	15.8	75.85	163.02	1138.68	20	20	20	20	0
3	1	8	4	1	76	15.2	1060.88	19.64	130.63	20	0	76	76	0
4	1	8	4	1	76	15.2	1060.88	19.64	130.63	20	0	76	76	0
5	2	1	1	1	20	15.8	75.85	163.02	1138.68	20	20	20	20	0
6	2	1	1	1	20	15.8	75.85	163.02	1138.68	20	20	20	20	0
7	2	8	4	1	76	15.2	1060.88	19.64	130.63	20	0	76	76	0
8	2	8	4	1	76	15.2	1060.88	19.64	130.63	20	0	76	76	0
9	7	8	8	1	100	25		4754.4	75.64	839.45	70	0	100	100	0
10	7	8	8	1	100	25		4754.4	75.64	839.45	70	0	100	100	0
11	7	8	8	1	100	25		4754.4	75.64	839.45	70	0	100	100	0
12	13	12	10	1	197	68.95	6510	74.75	1159.93	30	0	180	197	0
13	13	12	10	1	197	68.95	6510	74.75	1159.93	30	0	180	197	0
14	13	12	10	1	197	68.95	6510	74.75	1159.93	30	0	180	197	0
15	14	1	1	1	0	0		0		0		0		0	0	0	0	0
16	15	4	2	1	12	2.4		571.2	94.74	72.68	10	0	12	12	0
17	15	4	2	1	12	2.4		571.2	94.74	72.68	10	0	12	12	0
18	15	4	2	1	12	2.4		571.2	94.74	72.68	10	0	12	12	0
19	15	4	2	1	12	2.4		571.2	94.74	72.68	10	0	12	12	0
20	15	4	2	1	12	2.4		571.2	94.74	72.68	10	0	12	12	0
21	15	8	8	1	155	84.25	1696.34	15.46	252.67	30	0	155	155	0
22	16	8	8	1	155	84.25	1696.34	15.46	252.67	30	0	155	155	0
23	18	48	48	1	400	100		2400	5.46	215.08	200	0	400	400	0
24	21	48	48	1	400	100		2400	5.46	215.08	200	0	400	400	0
25	22	1	1	1	50	0		0		0		0		50	50	50	50	0
26	22	1	1	1	50	0		0		0		0		50	50	50	50	0
27	22	1	1	1	50	0		0		0		0		50	50	50	50	0
28	22	1	1	1	50	0		0		0		0		50	50	50	50	0
29	22	1	1	1	50	0		0		0		0		50	50	50	50	0
30	22	1	1	1	50	0		0		0		0		50	50	50	50	0
31	23	8	8	1	155	84.25	1696.34	15.46	252.67	30	0	155	155	0
32	23	8	8	1	155	84.25	1696.34	15.46	252.67	30	0	155	155	0
33	23	24	48	1	350	140		7953.04	15.89	358.23	40	0	240	350	0; 

param: BRANCH: branch_fbus branch_tbus branch_b branch_rateA branch_rateC branch_radial:=
1	1	2	-71.4286	157.5	180		0
2	1	3	-4.7393		157.5	198		0
3	1	5	-11.7647	157.5	198		0
4	2	4	-7.8740		157.5	198		0
5	2	6	-5.2083		157.5	198		0
6	3	9	-8.4034		157.5	198		0
7	3	24	-11.9048	360		540		0
8	4	9	-9.6154		157.5	198		0
9	5	10	-11.3636	157.5	198		0
10	6	10	-16.3934	157.5	180		0
11	7	8	-16.3934	157.5	198		1
12	8	9	-6.0606		157.5	198		0
13	8	10	-6.0606		157.5	198		0
14	9	11	-11.9048	460		540		0
15	9	12	-11.9048	460		540		0
16	10	11	-11.9048	460		540		0
17	10	12	-11.9048	460		540		0
18  11  13  -20.7572    450		562.5	0
19	11	14	-23.8095	450		562.5	0
20	12	13	-20.8333	450		562.5	0
21	12	23	-10.3093	450		562.5	0
22	13	23	-11.4943	450		562.5	0
23	14	16	-16.9492	315		393.75	0
24	15	16	-58.8235	450		562.5	0
25	15	21	-20.4082	450		562.5	0
26	15	21	-20.4082	450		562.5	0
27	15	24	-19.2308	450		562.5	0
28	16	17	-38.4615	450		562.5	0
29	16	19	-43.4783	450		562.5	0
30	17	18	-71.4286	450		562.5	0
31	17	22	-9.5238		450		562.5	0
32	18	21	-38.4615	450		562.5	0
33	18	21	-38.4615	450		562.5	0
34	19	20	-25.0000	450		562.5	0
35	19	20	-25.0000	450		562.5	0
36	20	23	-45.4545	450		562.5	0
37	20	23	-45.4545	450		562.5	0
38	21	22	-14.7059	450		562.5	0;

#Wind scenario data
set SCN := 1 2 3;
set WF := 1 2 3;
/*: WF_bus:= 
1	16
2	22
3	12
;*/

param PgWndFrm:= 
[1,*,*]: 1	2	3:=
1	20.5124252	20.5055647	22.6356837
2	17.0561136	17.6060839	17.7462159
3	20.2354306	22.3882394	21.7699213
4	19.8842113	19.9965283	22.8474544
5	18.7129223	22.7954646	19.3856024
6	21.7792535	21.5223875	20.8684018
7	22.4333963	20.2119091	23.2224243
8	23.3490755	20.5594905	21.5606266
9	21.9589954	19.8146414	22.4982971
10	16.0238491	14.1170004	15.8218582
11	13.4000789	14.2702689	15.5511624
12	8.0619581	5.7606822	6.7173638
13	1.4111837	2.2345564	0.7641786
14	3.370377	1.3333456	0.2167376
15	5.6569955	3.8093257	1.2757361
16	1.6121797	0.7421512	5.7375453
17	1.7598427	3.9484287	1.2995026
18	5.4711761	1.7371341	0.2246527
19	0.2238391	5.3675974	0.5806762
20	4.3437076	0.0681274	0.0617391
21	0.7481342	1.0691404	4.351251
22	1.7971458	0.86149		4.4200936
23	2.252037	0.4335306	1.1785052
24	2.5849637	3.8675078	0.4624135


[2,*,*]: 1	2	3:=
1	28.0819436	27.8630764	27.4131626	
2	29.1430525	27.1204423	25.1309566	
3	29.4060259	28.4251442	25.4155255	
4	24.1243283	26.8819366	30.7219986	
5	17.9833897	4.3786575	5.2922958	
6	9.4445805	9.3068283	7.3231321	
7	6.411313	9.5508584	1.7181722	
8	9.4975001	15.4704014	19.6009535	
9	21.844281	19.5951886	15.769937	
10	9.3236792	11.0370263	7.3458832	
11	2.5371146	6.1871616	4.9867819	
12	5.1413108	6.1173648	2.2591807	
13	0.6509626	1.6305944	1.6034723	
14	5.8072198	0.1523452	3.2685768	
15	1.3513937	6.1903926	0.0229456	
16	1.954292	0.0483438	0.3285685	
17	3.3478094	3.877294	7.4844281	
18	3.2798826	11.4456791	2.1211757	
19	2.2064203	14.4513263	7.3523863	
20	5.4601224	0.8517298	11.6494202	
21	9.3064266	9.2811917	5.5344349	
22	14.0870236	12.6685958	11.3575043	
23	11.1213368	6.7674455	7.7259157	
24	5.9878287	10.6492038	0.2791453	


[3,*,*]: 1	2	3:=
1	26.582223	27.4362055	27.412266
2	25.4778587	26.9186315	20.4650935
3	21.2338446	23.9014103	20.8221476
4	10.0243034	3.7023955	4.479718
5	8.693987	10.9289664	4.9347944
6	19.2423424	20.4815519	21.4347976
7	24.8279618	27.54296	22.6360185
8	28.3033543	22.8254475	27.972745
9	8.6815839	0.8391965	2.3927696
10	21.7081607	20.3633805	23.2353793
11	20.9037209	17.5347088	25.2678685
12	5.1550824	2.4937472	2.594759
13	0.1350452	0.6197046	2.458786
14	4.7226915	2.5234519	4.4977894
15	14.9182109	3.2577208	11.4363428
16	9.7203412	21.1160749	16.9034219
17	8.5801827	5.7741648	10.9753592
18	7.7821822	7.1205545	8.2359936
19	4.5160723	3.3564694	2.3444958
20	6.459771	1.6109157	1.850277
21	2.2058436	1.0184177	8.5494215
22	0.94819		1.0947797	2.9681731
23	6.105774	1.4639456	1.2432874
24	6.8119306	8.2254139	1.3096948
;

param Prob:=
1	0.33
2	0.33
3	0.33
;

# Loads the data for the Load's percentage of peak annual load
param: LOAD: load_pcnt:=
1	78
2	79
3	83
4	88
5	90
6	95
7	97
8	100
9	98
10	91
11	90
12	88
13	85
14	80
15	88
16	87
17	85
18	80
19	80
20	75
21	70
22	68
23	65
24	70;

#*/

#defines the hour in the year to be simulated for load:
for {k in BUS, t in LOAD}
{
	let Bus_Pd[k,t]:=load_pcnt[t]*bus_Pd[k]/MBase;
};

#@@@@@@@@@@@@@@@*/
