# Loads the data for the Buses and assigns the columns
param: BUS: bus_num bus_Pd:= 
1	1	0
2	2	42.801
3	3	0
4	4	132.687
5	5	0
6	6	3.213
7	7	0
8	8	0
9	9	0
10	10	0
11	11	2.472
12	12	0
13	13	37.161
14	14	0
15	15	0
16	16	0
17	17	0
18	18	0
19	19	0
20	20	4.542
21	21	0
22	22	148.698
23	23	0
24	24	0
25	25	2.283
26	26	21.663
27	27	0
28	28	62.931
29	29	0
30	30	99.972
31	31	0
32	32	9.765
33	33	0
34	34	24.999
35	35	0
36	36	43.35
37	37	0
38	38	0.129
39	39	0
40	40	0
41	41	57.99
42	42	0
43	43	4.461
44	44	0
45	45	2.031
46	46	0
47	47	43.41
48	48	0
49	49	0
50	50	0
51	51	0.354
52	52	23.388
53	53	0
54	54	34.809
55	55	0
56	56	2.253
57	57	0
58	58	0
59	59	140.937
60	60	0
61	61	0.204
62	62	0
63	63	0
64	64	34.776
65	65	0
66	66	0
67	67	4.569
68	68	0
69	69	16.962
70	70	0
71	71	0
72	72	0
73	73	0
74	74	0
75	75	5.301
76	76	0
77	77	6.951
78	78	0
79	79	0.381
80	80	0
81	81	0
82	82	0
83	83	0
84	84	61.407
85	85	0
86	86	17.592
87	87	0
88	88	5.253
89	89	0
90	90	5.901
91	91	0
92	92	65.028
93	93	0
94	94	5.214
95	95	0
96	96	33.999
97	97	0
98	98	37.092
99	99	0
100	100	13.521
101	101	0.891
102	102	0
103	103	38.802
104	104	0
105	105	80.334
106	106	0
107	107	16.005
108	108	0
109	109	47.583
110	110	0
111	111	62.289
112	112	0
113	113	45.99
114	114	0
115	115	5.061
116	116	3.099
117	117	0
118	118	8.832
119	119	0
120	120	31.65
121	121	0
122	122	53.364
123	123	0
124	124	0
125	125	0
126	126	0
127	127	0
128	128	0
129	129	0
130	130	103.242
131	131	0
132	132	25.203
133	133	0
134	134	42.645
135	135	0
136	136	26.757
137	137	0
138	138	78.705
139	139	0
140	140	0.255
141	141	0
142	142	161.343
143	143	0
144	144	0
145	145	0
146	146	0
147	147	0
148	148	57.42
149	149	0
150	150	1.503
151	151	0
152	152	0
153	153	93.153
154	154	0
155	155	66.843
156	156	0
157	157	105.453
158	158	0
159	159	22.851
160	160	0
161	161	25.953
162	162	0
163	163	0
164	164	98.151
165	165	0
166	166	0
167	167	0
168	168	0
169	169	0
170	170	0
171	171	12.375
172	172	0
173	173	3.135
174	174	7.305
175	175	0
176	176	0
177	177	8.781
178	178	6.813
179	179	0
180	180	14.136
181	181	0
182	182	82.614
183	183	0
184	184	30.177
185	185	0
186	186	45.348
187	187	0
188	188	11.049
189	189	0
190	190	14.07
191	191	0
192	192	16.44
193	193	0
194	194	28.695
195	195	0
196	196	0
197	197	0
198	198	0
199	199	86.394
200	200	0
201	201	8.889
202	202	0
203	203	4.689
204	204	45.666
205	205	0
206	206	3.009
207	207	22.572
208	208	0
209	209	81.855
210	210	0
211	211	34.278
212	212	0
213	213	97.482
214	214	0
215	215	84.477
216	216	0
217	217	55.101
218	218	0
219	219	0.333
220	220	0
221	221	0
222	222	0
223	223	0
224	224	0
225	225	0
226	226	0
227	227	5.424
228	228	0
229	229	54.09
230	230	0
231	231	0
232	232	0
233	233	0
234	234	59.964
235	235	0
236	236	0
237	237	2.712
238	238	0
239	239	39.132
240	240	0
241	241	19.74
242	242	0
243	243	74.466
244	244	0
245	245	11.835
246	246	0
247	247	0
248	248	0
249	249	0
250	250	0
251	251	0
252	252	118.683
253	253	0
254	254	0
255	255	0
256	256	0
257	257	0
258	258	0
259	259	8.16
260	260	0
261	261	18.684
262	262	0
263	263	0
264	264	0
265	265	0
266	266	61.782
267	267	0
268	268	117.147
269	269	0
270	270	6.801
271	271	0
272	272	0
273	273	9.492
274	274	0
275	275	0
276	276	0
277	277	0.405
278	278	5.769
279	279	0
280	280	16.944
281	281	0
282	282	117.303
283	283	0
284	284	32.649
285	285	0
286	286	8.268
287	287	0
288	288	58.107
289	289	0
290	290	3.69
291	291	0
292	292	7.617
293	293	0
294	294	25.605
295	295	0
296	296	7.788
297	297	0
298	298	0
299	299	14.568
300	300	0
301	301	0
302	302	0
303	303	86.757
304	304	0
305	305	0
306	306	0
307	307	76.044
308	308	0
309	309	9.03
310	310	0
311	311	43.83
312	312	0
313	313	12.438
314	314	0
315	315	0.426
316	316	0
317	317	3.753
318	318	0
319	319	0
320	320	0
321	321	150.423
322	322	0
323	323	45.27
324	324	0
325	325	103.461
326	326	0
327	327	121.068
328	328	0
329	329	26.019
330	330	0
331	331	57.174
332	332	0
333	333	0
334	334	0.501
335	335	0.834
336	336	0
337	337	5.673
338	338	0
339	339	75.105
340	340	0
341	341	24.222
342	342	0
343	343	2.511
344	344	2.43
345	345	0
346	346	47.583
347	347	0
348	348	86.397
349	349	0
350	350	0
351	351	0
352	352	0
353	353	0
354	354	0
355	355	19.965
356	356	0
357	357	55.734
358	358	0
359	359	14.586
360	360	0
361	361	0
362	362	0
363	363	0
364	364	30.438
365	365	0
366	366	56.49
367	367	0
368	368	11.454
369	369	0
370	370	35.604
371	371	0
372	372	0
373	373	28.836
374	374	0
375	375	24.765
376	376	0
377	377	90.387
378	378	0
379	379	13.011
380	380	0
381	381	10.131
382	382	0
383	383	29.946
384	384	0
385	385	36.621
386	386	0
387	387	0
388	388	0
389	389	0
390	390	0
391	391	0
392	392	0
393	393	0
394	394	0
395	395	0
396	396	0
397	397	39.954
398	398	16.767
399	399	0
400	400	23.025
401	401	0
402	402	88.347
403	403	0
404	404	19.77
405	405	0
406	406	5.25
407	407	0
408	408	0
409	409	0
410	410	0
411	411	0
412	412	0
413	413	0
414	414	0
415	415	0
416	416	6.063
417	417	0
418	418	63.615
419	419	0
420	420	5.226
421	421	0
422	422	49.179
423	423	0
424	424	157.095
425	425	0
426	426	0
427	427	14.433
428	428	0
429	429	0
430	430	0
431	431	0
432	432	0
433	433	0
434	434	0
435	435	0
436	436	0
437	437	0
438	438	0
439	439	0
440	440	0
441	441	0
442	442	0
443	443	0
444	444	0
445	445	0
446	446	88.683
447	447	0
448	448	57.558
449	449	0
450	450	1.122
451	451	2.211
452	452	11.163
453	453	0
454	454	0
455	455	0
456	456	0
457	457	0
458	458	0
459	459	74.469
460	460	26.343
461	461	91.722
462	462	0
463	463	0
464	464	0
465	465	12.522
466	466	43.338
467	467	0.807
468	468	3.762
469	469	128.532
470	470	42.558
471	471	0
472	472	49.713
473	473	0.999
474	474	7.002
475	475	0.162
476	476	59.856
477	477	10.602
478	478	1.776
479	479	0
480	480	0
481	481	0
482	482	0
483	483	0
484	484	0
485	485	27.879
486	486	68.535
487	487	11.667
488	488	97.896
489	489	0.369
490	490	29.811
491	491	119.529
492	492	59.541
493	493	4.047
494	494	0
495	495	75.174
496	496	0
497	497	0
498	498	0
499	499	122.325
500	500	3.732
;

# Loads the data for the GENs and assigns the columns
param: GEND: genD_bus genD_minUP genD_minDN genD_status genD_Pmax genD_Pmin genC_Startup genC_Cost
genC_NLoad SPRamp NSRamp HRamp StartRamp gen_Style:=
1	9	10	10	1	771.8	231.54	0	19	1424.48	128.6333333	0	771.8	771.8	0
2	16	4	4	1	444.45	133.33	0	5.867	1266.47	74.075	0	444.45	444.45	0
3	17	8	8	1	888.9	266.67	0	8.412	1319.13	148.15	0	888.9	888.9	0
4	18	2	2	1	157.6	47.28	0	9.275	1076.21	26.26666667	0	157.6	157.6	0
5	49	1	1	1	1.3	0.39	0	19	236.03	0.216666667	0	1.3	1.3	0
6	50	1	1	1	2.6	0.78	0	19	236.07	0.433333333	0	2.6	2.6	0
7	63	1	1	1	3.2	0.96	0	23.152	604.8	0.533333333	0	3.2	3.2	0
8	71	1	1	1	4	1.2	0	0	0	0.666666667	0	4	4	0
9	72	1	1	1	2	0.6	0	0	0	0.333333333	0	2	2	0
10	73	1	1	1	1.4	0.42	0	0	0	0.233333333	0	1.4	1.4	0
11	82	1	1	1	361.9	108.57	0	0	0	60.31666667	0	361.9	361.9	0
12	125	1	1	1	162	48.6	0	0	0	27	0	162	162	0
13	126	1	1	1	162	48.6	0	0	0	27	0	162	162	0
14	127	1	1	1	162	48.6	0	0	0	27	0	162	162	0
15	128	1	1	1	162	48.6	0	0	0	27	0	162	162	0
16	144	6	4	1	602.55	180.76	0	6.87	1363.88	100.425	0	602.55	602.55	0
17	145	6	4	1	602.55	180.76	0	8.143	1060.19	100.425	0	602.55	602.55	0
18	167	1	1	1	193.5	58.05	0	0	0	32.25	0	193.5	193.5	0
19	168	1	1	1	193.5	58.05	0	0	0	32.25	0	193.5	193.5	0
20	169	1	1	1	387	116.1	0	0	0	64.5	0	387	387	0
21	197	2	2	1	293.6	88.08	0	19	1081.02	48.93333333	0	293.6	293.6	0
22	198	2	2	1	207.3	62.19	0	19	879.08	34.55	0	207.3	207.3	0
23	222	1	1	1	5.2	1.56	0	0	0	0.866666667	0	5.2	5.2	0
24	223	1	1	1	18	5.4	0	0	0	3	0	18	18	0
25	224	1	1	1	511.2	153.36	0	0	0	85.2	0	511.2	511.2	0
26	225	1	1	1	514.8	154.44	0	0	0	85.8	0	514.8	514.8	0
27	231	1	1	1	2.9	0.87	0	19	236.08	0.483333333	0	2.9	2.9	0
28	248	2	2	1	133.2	39.96	0	24.033	799.8	22.2	0	133.2	133.2	0
29	249	2	2	1	133.2	39.96	0	24.033	799.8	22.2	0	133.2	133.2	0
30	250	8	8	1	532.8	159.84	0	26.742	2763.98	88.8	0	532.8	532.8	0
31	254	1	1	1	4.1	1.23	0	19	236.11	0.683333333	0	4.1	4.1	0
32	255	1	1	1	3.3	0.99	0	19	236.09	0.55	0	3.3	3.3	0
33	256	1	1	1	2.9	0.87	0	19	236.08	0.483333333	0	2.9	2.9	0
34	257	1	1	1	5.4	1.62	0	19	236.14	0.9	0	5.4	5.4	0
35	258	1	1	1	1.1	0.33	0	19	236.03	0.183333333	0	1.1	1.1	0
36	264	1	1	1	39.2	11.76	0	23.396	658.8	6.533333333	0	39.2	39.2	0
37	265	1	1	1	10.6	3.18	0	23.202	615.9	1.766666667	0	10.6	10.6	0
38	275	1	1	1	101.2	30.36	0	23.816	751.8	16.86666667	0	101.2	101.2	0
39	301	1	1	1	2.9	0.87	0	19	236.08	0.483333333	0	2.9	2.9	0
40	302	1	1	1	2.9	0.87	0	19	236.08	0.483333333	0	2.9	2.9	0
41	305	1	1	1	1	0.3	0	0	0	0.166666667	0	1	1	0
42	306	1	1	1	2.4	0.72	0	0	0	0.4	0	2.4	2.4	0
43	319	1	1	1	42.3	12.69	0	0	0	7.05	0	42.3	42.3	0
44	350	1	1	1	15	4.5	0	0	0	2.5	0	15	15	0
45	351	1	1	1	6.2	1.86	0	0	0	1.033333333	0	6.2	6.2	0
46	352	1	1	1	14.4	4.32	0	0	0	2.4	0	14.4	14.4	0
47	353	1	1	1	74	22.2	0	0	0	12.33333333	0	74	74	0
48	361	1	1	1	1.6	0.48	0	23.141	602.4	0.266666667	0	1.6	1.6	0
49	362	1	1	1	11	3.3	0	23.205	616.5	1.833333333	0	11	11	0
50	363	1	1	1	3.2	0.96	0	23.152	604.8	0.533333333	0	3.2	3.2	0
51	388	1	1	1	10	3	0	23.198	615	1.666666667	0	10	10	0
52	389	2	2	1	173.33	52	0	24.305	859.99	28.88833333	0	173.33	173.33	0
53	390	2	2	1	173.33	52	0	24.305	859.99	28.88833333	0	173.33	173.33	0
54	391	2	2	1	173.33	52	0	24.305	859.99	28.88833333	0	173.33	173.33	0
55	392	1	1	1	116.4	34.92	0	23.919	774.6	19.4	0	116.4	116.4	0
56	393	1	1	1	116.4	34.92	0	23.919	774.6	19.4	0	116.4	116.4	0
57	394	1	1	1	116.4	34.92	0	23.919	774.6	19.4	0	116.4	116.4	0
58	395	1	1	1	116.4	34.92	0	23.919	774.6	19.4	0	116.4	116.4	0
59	396	1	1	1	116.4	34.92	0	23.919	774.6	19.4	0	116.4	116.4	0
60	409	1	1	1	100	30	0	23.808	750	16.66666667	0	100	100	0
61	410	1	1	1	136.95	41.08	0	24.059	805.42	22.825	0	136.95	136.95	0
62	411	1	1	1	136.95	41.08	0	24.059	805.42	22.825	0	136.95	136.95	0
63	412	1	1	1	136.95	41.08	0	24.059	805.42	22.825	0	136.95	136.95	0
64	413	1	1	1	136.95	41.08	0	24.059	805.42	22.825	0	136.95	136.95	0
65	414	1	1	1	111.1	33.33	0	23.883	766.65	18.51666667	0	111.1	111.1	0
66	430	1	1	1	1	0.3	0	0	0	0.166666667	0	1	1	0
67	431	1	1	1	3.3	0.99	0	0	0	0.55	0	3.3	3.3	0
68	432	1	1	1	1.2	0.36	0	0	0	0.2	0	1.2	1.2	0
69	433	1	1	1	6.7	2.01	0	0	0	1.116666667	0	6.7	6.7	0
70	434	1	1	1	4.3	1.29	0	0	0	0.716666667	0	4.3	4.3	0
71	435	1	1	1	197	59.1	0	0	0	32.83333333	0	197	197	0
72	436	1	1	1	197	59.1	0	0	0	32.83333333	0	197	197	0
73	437	1	1	1	197	59.1	0	0	0	32.83333333	0	197	197	0
74	438	1	1	1	197	59.1	0	0	0	32.83333333	0	197	197	0
75	439	1	1	1	197	59.1	0	0	0	32.83333333	0	197	197	0
76	442	1	1	1	108	32.4	0	23.862	762	18	0	108	108	0
77	443	1	1	1	175	52.5	0	24.316	862.5	29.16666667	0	175	175	0
78	444	1	1	1	3.3	0.99	0	23.152	604.95	0.55	0	3.3	3.3	0
79	455	1	1	1	222.83	66.85	0	24.641	934.24	37.13833333	0	222.83	222.83	0
80	456	4	4	1	445.67	133.7	0	26.152	1344.19	74.27833333	0	445.67	445.67	0
81	458	1	1	1	109.6	32.88	0	0	0	18.26666667	0	109.6	109.6	0
82	463	1	1	1	7.2	2.16	0	19	236.19	1.2	0	7.2	7.2	0
83	480	1	1	1	56	16.8	0	0	0	9.333333333	0	56	56	0
84	481	1	1	1	45	13.5	0	0	0	7.5	0	45	45	0
85	482	1	1	1	45	13.5	0	0	0	7.5	0	45	45	0
86	483	1	1	1	24	7.2	0	0	0	4	0	24	24	0
87	484	1	1	1	28	8.4	0	0	0	4.666666667	0	28	28	0
88	494	1	1	1	5.8	1.74	0	19	236.15	0.966666667	0	5.8	5.8	0
89	497	1	1	1	60	18	0	0	0	10	0	60	60	0
90	498	1	1	1	18	5.4	0	0	0	3	0	18	18	0
;

param: BRANCH: branch_fbus branch_tbus branch_b branch_rateA branch_rateC branch_radial:=
1	2	1	-318.4713376	76.5	0	0
2	3	479	-14.34740814	320.29	0	0
3	4	3	-284.2524161	225.06	0	0
4	6	5	-280.6623632	4.49	0	0
5	7	232	-67.53106429	1493.89	0	0
6	7	262	-72.73256237	1493.89	0	0
7	8	7	-77.51937984	567	0	0
8	8	287	-27.94388867	320.29	0	0
9	8	457	-52.75652862	320.29	0	0
10	9	7	-73.42143906	680	0	0
11	9	7	-73.42143906	680	0	0
12	10	349	-74.29420505	320.29	0	0
13	11	10	-312.4023743	3.96	0	0
14	12	216	-26.28259041	320.29	0	0
15	12	304	-47.18984475	320.29	0	0
16	12	441	-66.55574043	320.29	0	0
17	13	12	-319.0810466	65.5	0	0
18	15	14	-89.12655971	682	0	0
19	15	91	-21.69903439	320.29	0	0
20	15	230	-9.559589702	320.29	0	0
21	15	369	-58.78894768	320.29	0	0
22	15	473	-11.81739757	320.29	0	0
23	16	14	-83.19467554	596	0	0
24	17	14	-69.54102921	674	0	0
25	17	14	-69.54102921	674	0	0
26	18	14	-19.55034213	340	0	0
27	19	112	-22.05314809	320.29	0	0
28	19	272	-45.41326067	320.29	0	0
29	20	19	-257.3340196	7.53	0	0
30	21	112	-20.45157068	320.29	0	0
31	21	196	-49.39003309	320.29	0	0
32	22	21	-315.0598614	254.15	0	0
33	23	386	-41.92696323	1493.89	0	0
34	23	464	-79.79572295	1493.89	0	0
35	23	471	-142.0252805	1493.89	0	0
36	24	23	-56.6893424	626	0	0
37	24	360	-44.02571102	320.29	0	0
38	25	24	-275.558005	3.56	0	0
39	26	24	-268.1684098	29.46	0	0
40	27	68	-18.57182654	320.29	0	0
41	27	382	-32.34989648	320.29	0	0
42	28	27	-252.3340903	108.61	0	0
43	29	491	-18.57458625	320.29	0	0
44	30	29	-303.2140691	156.98	0	0
45	31	85	-19.63633507	320.29	0	0
46	31	189	-18.24817518	320.29	0	0
47	31	205	-13.35666297	320.29	0	0
48	31	218	-12.58716613	320.29	0	0
49	32	31	-291.6302129	15.7	0	0
50	34	33	-304.5066991	43.35	0	0
51	35	399	-18.47643331	320.29	0	0
52	36	35	-330.0330033	62.87	0	0
53	37	176	-34.27004798	320.29	0	0
54	38	37	-261.5746796	0.18	0	0
55	39	332	-172.8309713	1493.89	0	0
56	39	428	-144.9695564	1493.89	0	0
57	40	39	-39.51007507	428	0	0
58	40	131	-37.47985458	320.29	0	0
59	41	40	-254.906959	97.47	0	0
60	42	191	-17.11742554	320.29	0	0
61	43	42	-320.6155819	7.7	0	0
62	44	1	-19.89772569	320.29	0	0
63	44	200	-51.78395733	320.29	0	0
64	45	44	-257.997936	2.84	0	0
65	46	156	-15.75249677	320.29	0	0
66	47	46	-289.5193978	63	0	0
67	49	48	-3.590277528	57	0	0
68	50	48	-6.113964294	70	0	0
69	51	48	-272.3311547	0.56	0	0
70	52	48	-299.2220227	37.95	0	0
71	53	276	-69.32889628	320.29	0	0
72	54	53	-326.690624	51.27	0	0
73	55	66	-24.05291642	320.29	0	0
74	55	500	-24.32971632	320.29	0	0
75	56	55	-302.1148036	3.15	0	0
76	57	123	-40.93830597	1493.89	0	0
77	58	57	-56.75368899	675	0	0
78	58	57	-56.75368899	675	0	0
79	58	253	-22.97794118	320.29	0	0
80	59	58	-259.8752599	252.93	0	0
81	60	131	-54.92091388	320.29	0	0
82	61	60	-284.2524161	0.32	0	0
83	62	3	-38.31711242	320.29	0	0
84	62	457	-14.32952168	320.29	0	0
85	63	62	-6.115085917	70	0	0
86	64	62	-305.4367746	45.58	0	0
87	65	297	-75.80351728	1493.89	0	0
88	66	65	-32.38341969	405	0	0
89	66	308	-14.50326323	320.29	0	0
90	67	66	-297.7076511	6.71	0	0
91	68	295	-24.39321869	320.29	0	0
92	68	314	-57.69008884	320.29	0	0
93	69	68	-250.1250625	27.64	0	0
94	70	490	-51.25051251	320.29	0	0
95	71	70	-22.36135957	133	0	0
96	72	70	-6.905600442	60	0	0
97	73	70	-3.662601179	49	0	0
98	74	189	-18.48975667	320.29	0	0
99	75	74	-299.4908655	8.81	0	0
100	76	37	-70.64142413	320.29	0	0
101	77	76	-301.8412315	12.16	0	0
102	78	328	-20.06863473	320.29	0	0
103	78	387	-44.23017382	320.29	0	0
104	79	78	-304.9710278	0.52	0	0
105	80	65	-72.60582299	1493.89	0	0
106	81	42	-46.16805171	320.29	0	0
107	81	80	-28.72737719	529	0	0
108	82	80	-32.12335368	628	0	0
109	83	33	-19.69899929	320.29	0	0
110	83	342	-25.30364372	320.29	0	0
111	84	83	-273.5978112	105.41	0	0
112	86	85	-256.344527	30.04	0	0
113	87	141	-56.41112427	320.29	0	0
114	87	143	-28.5363696	320.29	0	0
115	88	87	-280.1905296	7.69	0	0
116	89	187	-49.20775514	320.29	0	0
117	89	457	-12.09687175	320.29	0	0
118	90	89	-258.7991718	10.48	0	0
119	91	133	-20.66073015	320.29	0	0
120	92	91	-276.4722145	104.24	0	0
121	94	93	-304.7851265	8.18	0	0
122	95	170	-49.33885929	320.29	0	0
123	95	369	-25.43493743	320.29	0	0
124	96	95	-307.408546	56.18	0	0
125	98	97	-250.8780733	66.43	0	0
126	99	465	-38.72966692	320.29	0	0
127	100	99	-276.2430939	22.69	0	0
128	101	99	-303.5822708	1.37	0	0
129	102	308	-18.4318207	320.29	0	0
130	103	102	-258.1311306	64.6	0	0
131	104	31	-18.84587841	320.29	0	0
132	104	191	-21.05928188	320.29	0	0
133	105	104	-266.5955745	144.23	0	0
134	106	191	-23.30785008	320.29	0	0
135	107	106	-311.9151591	24.46	0	0
136	108	472	-51.22688387	320.29	0	0
137	108	495	-28.84171666	320.29	0	0
138	109	108	-332.2259136	62.91	0	0
139	110	316	-30.28009084	320.29	0	0
140	111	110	-269.6871629	87.02	0	0
141	112	33	-14.74752242	320.29	0	0
142	112	236	-16.45359264	320.29	0	0
143	112	283	-12.08313195	320.29	0	0
144	112	499	-19.54843124	320.29	0	0
145	113	112	-320.6155819	72.98	0	0
146	114	191	-18.73922495	320.29	0	0
147	114	312	-15.75746116	320.29	0	0
148	115	114	-297.6190476	6.74	0	0
149	116	114	-293.1691586	5.26	0	0
150	117	426	-34.36544211	320.29	0	0
151	118	117	-259.6728123	12.8	0	0
152	119	129	-46.39510068	320.29	0	0
153	120	119	-326.9042171	46.58	0	0
154	121	276	-40.87806074	320.29	0	0
155	121	287	-14.69334979	320.29	0	0
156	122	121	-260.0104004	70.42	0	0
157	124	123	-69.54102921	488	0	0
158	124	260	-53.45021113	320.29	0	0
159	124	369	-14.17072894	320.29	0	0
160	125	123	-24.60629921	346	0	0
161	126	123	-45.68296026	352	0	0
162	127	123	-20.86811352	378	0	0
163	128	123	-63.09148265	391	0	0
164	130	129	-310.4625893	165.98	0	0
165	131	333	-46.75956233	320.29	0	0
166	132	131	-276.6251729	41.59	0	0
167	133	226	-16.92706129	320.29	0	0
168	133	369	-17.71102689	320.29	0	0
169	134	133	-324.3593902	66.01	0	0
170	135	287	-14.40486308	320.29	0	0
171	135	457	-15.87982151	320.29	0	0
172	136	135	-273.2240437	45.59	0	0
173	137	214	-33.37672307	320.29	0	0
174	137	426	-34.73186996	320.29	0	0
175	137	426	-34.73428274	320.3	0	0
176	138	137	-263.9915523	122.92	0	0
177	139	376	-38.91504845	320.29	0	0
178	140	139	-314.2677561	0.36	0	0
179	142	141	-292.6543752	209.78	0	0
180	143	338	-51.52248957	320.29	0	0
181	143	401	-25.66932772	320.29	0	0
182	143	452	-13.81788034	320.29	0	0
183	144	143	-13.05483029	336	0	0
184	144	143	-13.05483029	336	0	0
185	145	143	-29.6735905	322	0	0
186	145	143	-29.6735905	322	0	0
187	146	162	-244.9179525	1493.89	0	0
188	146	195	-230.7869836	1493.89	0	0
189	147	146	-17.96945193	272	0	0
190	148	147	-254.1296061	102.39	0	0
191	149	81	-37.86444529	320.29	0	0
192	150	149	-270.7825616	2.36	0	0
193	151	23	-383.5826621	1493.89	0	0
194	152	151	-49.26108374	570	0	0
195	153	152	-321.3367609	130.11	0	0
196	154	429	-49.13522013	320.29	0	0
197	154	488	-13.61470388	320.29	0	0
198	155	154	-332.7787022	89.97	0	0
199	157	156	-279.4076558	164.26	0	0
200	158	233	-17.88109075	320.29	0	0
201	158	291	-20.28685615	320.29	0	0
202	159	158	-258.1977795	31.35	0	0
203	160	212	-40.56795132	320.29	0	0
204	160	399	-27.15325296	320.29	0	0
205	161	160	-280.2690583	44.84	0	0
206	162	195	-305.3435115	1493.89	0	0
207	162	220	-54.38329345	1493.89	0	0
208	162	232	-131.6829076	1493.89	0	0
209	163	162	-50.45408678	510	0	0
210	163	162	-50.45408678	510	0	0
211	164	163	-250.8151492	174.51	0	0
212	165	123	-318.6743149	1493.89	0	0
213	165	386	-95.94166747	1493.89	0	0
214	166	165	-114.8105626	606	0	0
215	166	228	-22.49971875	320.29	0	0
216	166	289	-49.27564797	320.29	0	0
217	167	165	-46.36068614	411	0	0
218	168	165	-28.17695125	445	0	0
219	169	165	-39.09304144	543	0	0
220	170	226	-23.5388273	320.29	0	0
221	171	170	-264.9708532	20.92	0	0
222	172	244	-31.64657109	320.29	0	0
223	173	172	-319.0810466	4.69	0	0
224	174	172	-329.0556104	12.34	0	0
225	175	220	-62.6566416	1493.89	0	0
226	176	175	-25.92688618	273	0	0
227	177	176	-274.0476843	12.91	0	0
228	178	176	-316.8567807	10.65	0	0
229	179	291	-17.46114894	320.29	0	0
230	179	374	-27.596865	320.29	0	0
231	180	179	-302.8467595	25.21	0	0
232	181	97	-34.80197675	320.29	0	0
233	181	487	-37.84868097	320.29	0	0
234	182	181	-269.179004	145.73	0	0
235	183	247	-52.999788	320.29	0	0
236	183	274	-28.35672763	320.29	0	0
237	184	183	-332.4468085	40.45	0	0
238	185	467	-54.06574394	320.29	0	0
239	186	185	-326.1578604	76.88	0	0
240	187	454	-7.871846342	320.29	0	0
241	188	187	-317.9650238	19.87	0	0
242	190	189	-332.2259136	22.9	0	0
243	191	35	-26.99638248	320.29	0	0
244	191	205	-19.55378268	320.29	0	0
245	191	293	-20.16454267	320.29	0	0
246	192	191	-265.674814	27.24	0	0
247	193	19	-46.89771608	320.29	0	0
248	193	112	-36.3187332	320.29	0	0
249	194	193	-263.0194634	49.31	0	0
250	196	195	-69.3000693	560	0	0
251	197	195	-32.23726628	597	0	0
252	198	195	-45.76659039	527	0	0
253	199	196	-301.9323671	123.99	0	0
254	200	163	-33.37226765	320.29	0	0
255	201	200	-315.0598614	14.82	0	0
256	202	172	-25.56760074	320.29	0	0
257	203	202	-276.3957988	6.57	0	0
258	204	202	-257.1355104	72.65	0	0
259	205	312	-16.1103235	320.29	0	0
260	206	205	-330.2509908	4.37	0	0
261	207	205	-270.2702703	30.41	0	0
262	209	208	-277.7006387	141.36	0	0
263	210	24	-49.15454188	320.29	0	0
264	211	210	-264.3404705	54.3	0	0
265	212	399	-31.14003675	320.29	0	0
266	213	212	-271.3704206	155.03	0	0
267	214	403	-24.6956264	320.29	0	0
268	215	214	-262.2606871	124.11	0	0
269	216	70	-41.99916002	320.29	0	0
270	217	216	-319.5909236	71.72	0	0
271	218	399	-22.91108209	320.29	0	0
272	219	218	-273.4481816	0.6	0	0
273	220	471	-70.39774727	1493.89	0	0
274	221	220	-34.47087211	556	0	0
275	221	447	-26.23363677	320.29	0	0
276	221	478	-34.29943406	320.29	0	0
277	221	493	-30.51292222	320.29	0	0
278	222	220	-44.94382022	228	0	0
279	223	220	-32.65839321	248	0	0
280	224	220	-41.59733777	588	0	0
281	224	220	-41.59733777	588	0	0
282	225	220	-80.51529791	628	0	0
283	225	220	-80.51529791	628	0	0
284	227	226	-298.7750224	8.92	0	0
285	228	468	-21.28927872	320.29	0	0
286	228	474	-16.73668179	320.29	0	0
287	229	228	-278.6291446	77.87	0	0
288	231	230	-5.297451926	65	0	0
289	232	371	-153.0924679	1493.89	0	0
290	232	453	-232.9916123	1493.89	0	0
291	233	53	-46.15313611	320.29	0	0
292	233	232	-48.30917874	628	0	0
293	233	486	-45.95799439	320.29	0	0
294	234	233	-292.8257687	95.68	0	0
295	235	271	-241.7794971	1493.89	0	0
296	235	407	-61.10228523	1493.89	0	0
297	236	106	-33.42804613	320.29	0	0
298	236	235	-35.86800574	507	0	0
299	237	236	-298.6857826	4.32	0	0
300	238	46	-33.23031934	320.29	0	0
301	238	152	-48.33252779	320.29	0	0
302	239	238	-276.3194253	64.09	0	0
303	240	74	-24.58814851	320.29	0	0
304	240	272	-9.361542782	320.29	0	0
305	241	240	-251.0670349	27.17	0	0
306	242	287	-14.7682129	320.29	0	0
307	242	320	-34.39617515	320.29	0	0
308	243	242	-270.1242572	130.7	0	0
309	244	426	-29.46289149	320.29	0	0
310	245	244	-317.158262	15.81	0	0
311	246	332	-74.79431563	1493.89	0	0
312	246	471	-69.57005705	1493.89	0	0
313	247	246	-14.73839352	271	0	0
314	248	246	-18.37897445	336	0	0
315	249	246	-18.42638659	333	0	0
316	250	246	-49.6031746	628	0	0
317	250	246	-49.6031746	628	0	0
318	251	360	-24.06970587	320.29	0	0
319	252	251	-258.8661662	171.55	0	0
320	253	119	-69.68641115	320.29	0	0
321	253	347	-40.83466046	320.29	0	0
322	253	417	-20.44320877	320.29	0	0
323	254	253	-7.433286256	134	0	0
324	255	253	-9.435742593	75	0	0
325	256	253	-5.299136241	65	0	0
326	257	253	-12.35025318	142	0	0
327	258	253	-3.856685564	52	0	0
328	259	253	-279.4076558	11.94	0	0
329	260	166	-54.79452055	320.29	0	0
330	261	260	-301.5681544	31.44	0	0
331	262	232	-275.7099531	1493.89	0	0
332	263	262	-54.73453749	656	0	0
333	263	276	-120.5400193	320.29	0	0
334	263	326	-41.27285484	320.29	0	0
335	263	476	-57.66015107	320.29	0	0
336	263	491	-30.07428348	320.29	0	0
337	264	262	-19.98001998	255	0	0
338	265	262	-29.5945546	241	0	0
339	266	263	-293.5995302	107.16	0	0
340	267	31	-21.26709343	320.29	0	0
341	268	267	-279.7202797	206.87	0	0
342	269	93	-27.80481023	320.29	0	0
343	270	269	-251.4458134	10.95	0	0
344	272	85	-24.70966148	320.29	0	0
345	272	271	-26.56042497	484	0	0
346	273	272	-250.1876407	15.37	0	0
347	274	110	-33.31334533	320.29	0	0
348	275	274	-24.50379809	225	0	0
349	276	320	-32.44120032	320.29	0	0
350	276	485	-41.46280786	320.29	0	0
351	277	276	-273.000273	0.66	0	0
352	278	276	-259.7402597	8.45	0	0
353	279	340	-17.45840535	320.29	0	0
354	279	468	-32.50341286	320.29	0	0
355	280	279	-324.5699448	24.56	0	0
356	281	328	-21.94907814	320.29	0	0
357	281	384	-27.18868951	320.29	0	0
358	282	281	-276.4722145	203.73	0	0
359	283	236	-24.14001207	320.29	0	0
360	284	283	-250.7522568	48.08	0	0
361	285	230	-37.88309278	320.29	0	0
362	285	487	-32.16054544	320.29	0	0
363	286	285	-306.1849357	13.41	0	0
364	287	62	-19.09672491	320.29	0	0
365	287	415	-25.4621378	320.29	0	0
366	287	476	-14.64943893	320.29	0	0
367	288	287	-261.9172342	89.94	0	0
368	290	289	-262.6740215	5.93	0	0
369	292	291	-310.4625893	12.61	0	0
370	293	149	-23.74620061	320.29	0	0
371	294	293	-303.9513678	35.71	0	0
372	295	447	-31.87860627	320.29	0	0
373	296	295	-291.2904165	10.75	0	0
374	297	440	-106.9976461	1493.89	0	0
375	298	297	-31.89792663	348	0	0
376	298	426	-32.13574137	320.29	0	0
377	299	298	-275.1788663	20.05	0	0
378	300	141	-40.82465809	320.29	0	0
379	300	478	-12.45097429	320.29	0	0
380	301	300	-12.3061777	67	0	0
381	302	300	-12.76487107	75	0	0
382	303	300	-250.1876407	139.23	0	0
383	304	129	-33.999728	320.29	0	0
384	305	304	-1.865915325	28	0	0
385	306	304	-4.00128041	63	0	0
386	307	304	-288.4338044	122.19	0	0
387	308	500	-14.99587613	320.29	0	0
388	309	308	-250.3128911	13.62	0	0
389	310	281	-46.26630887	320.29	0	0
390	311	310	-278.7844996	60.45	0	0
391	312	267	-23.2644705	320.29	0	0
392	313	312	-251.5090543	17.95	0	0
393	314	295	-32.61897772	320.29	0	0
394	315	314	-318.167356	0.67	0	0
395	316	5	-42.58943782	320.29	0	0
396	317	316	-328.407225	5.45	0	0
397	318	176	-30.38682427	320.29	0	0
398	318	336	-19.93858915	320.29	0	0
399	319	318	-13.1821777	120	0	0
400	321	320	-276.3194253	269.4	0	0
401	322	58	-51.58627805	320.29	0	0
402	322	58	-51.57297576	320.3	0	0
403	322	208	-36.41793219	320.29	0	0
404	323	322	-321.6468318	75.55	0	0
405	324	129	-58.03493703	320.29	0	0
406	324	322	-69.3529371	320.29	0	0
407	325	324	-269.3965517	146.36	0	0
408	327	326	-313.1850924	159.77	0	0
409	329	328	-329.5978906	40.66	0	0
410	331	330	-257.5991757	77.39	0	0
411	332	471	-292.8257687	1493.89	0	0
412	333	330	-68.61534239	320.29	0	0
413	333	332	-37.8214826	508	0	0
414	334	333	-312.8911139	0.85	0	0
415	335	333	-281.5315315	1.26	0	0
416	336	93	-18.81290565	320.29	0	0
417	337	336	-256.147541	9.71	0	0
418	338	459	-55.85968048	320.29	0	0
419	339	338	-275.558005	98.2	0	0
420	341	340	-259.9428126	43.31	0	0
421	342	10	-36.8690779	320.29	0	0
422	343	342	-275.6339581	3.7	0	0
423	344	342	-257.997936	3.28	0	0
424	345	179	-21.45554411	320.29	0	0
425	345	415	-15.35532215	320.29	0	0
426	346	345	-313.8731952	72.41	0	0
427	347	417	-19.63787754	320.29	0	0
428	348	347	-320.6155819	138.46	0	0
429	349	403	-39.78990928	320.29	0	0
430	350	349	-13.96648045	183	0	0
431	351	349	-12.61829653	142	0	0
432	352	349	-13.86770212	150	0	0
433	353	349	-13.85041551	206	0	0
434	355	354	-265.9574468	28.27	0	0
435	356	208	-40.77471967	320.29	0	0
436	356	382	-36.56039778	320.29	0	0
437	357	356	-291.9708029	84.77	0	0
438	358	48	-24.22304581	320.29	0	0
439	358	97	-40.72987944	320.29	0	0
440	358	310	-37.1940787	320.29	0	0
441	359	358	-285.225328	25	0	0
442	360	417	-12.81919803	320.29	0	0
443	361	360	-2.965247302	52	0	0
444	362	360	-8.476012884	162	0	0
445	363	360	-8.625894937	75	0	0
446	364	360	-281.0567735	40.25	0	0
447	365	374	-36.72285263	320.29	0	0
448	365	454	-45.23863379	320.29	0	0
449	366	365	-255.4278416	101.52	0	0
450	367	15	-54.30060817	320.29	0	0
451	367	461	-17.2330599	320.29	0	0
452	367	468	-13.10083714	320.29	0	0
453	368	367	-311.1387679	17.62	0	0
454	370	369	-326.4773098	62.18	0	0
455	371	195	-167.6164935	1493.89	0	0
456	372	112	-51.90221622	320.29	0	0
457	372	371	-27.76235425	508	0	0
458	373	372	-314.3665514	48.53	0	0
459	375	374	-332.5573661	43.22	0	0
460	376	429	-37.93338897	320.29	0	0
461	376	460	-46.3714352	320.29	0	0
462	376	469	-22.20544478	320.29	0	0
463	376	495	-31.31262525	320.29	0	0
464	377	376	-298.0625931	162.43	0	0
465	378	318	-80.01920461	320.29	0	0
466	378	336	-20.50482889	320.29	0	0
467	379	378	-261.8486515	20.35	0	0
468	380	202	-19.42879347	320.29	0	0
469	381	380	-278.551532	14.39	0	0
470	383	382	-279.8768542	44.49	0	0
471	385	384	-317.6620076	48.14	0	0
472	386	14	-219.9252254	1493.89	0	0
473	386	14	-219.7802198	1493.9	0	0
474	387	386	-60.49606776	658	0	0
475	387	386	-60.49606776	658	0	0
476	387	467	-34.59848459	320.29	0	0
477	387	470	-50.98919029	320.29	0	0
478	388	386	-23.56823003	255	0	0
479	389	386	-27.96420582	374	0	0
480	390	386	-36.6568915	389	0	0
481	391	386	-40.7996736	399	0	0
482	392	386	-30.31221582	297	0	0
483	393	386	-29.8596596	283	0	0
484	394	386	-45.45454545	318	0	0
485	395	386	-17.78093883	312	0	0
486	396	386	-46.12546125	313	0	0
487	397	387	-303.030303	66.7	0	0
488	398	387	-321.9575016	24.41	0	0
489	399	312	-21.59873863	320.29	0	0
490	400	399	-252.1432173	31.68	0	0
491	401	5	-21.31287298	320.29	0	0
492	402	401	-269.3965517	123.69	0	0
493	404	403	-288.5170225	26.17	0	0
494	405	300	-30.86515016	320.29	0	0
495	406	405	-281.6108139	8.23	0	0
496	407	80	-92.37875289	1493.89	0	0
497	408	212	-36.16898148	320.29	0	0
498	408	399	-64.35834728	320.29	0	0
499	408	407	-73.20644217	595	0	0
500	409	407	-16.36661211	326	0	0
501	410	407	-23.82654277	445	0	0
502	411	407	-42.57130694	441	0	0
503	412	407	-37.13330858	431	0	0
504	413	407	-24.77700694	436	0	0
505	414	407	-22.60908885	342	0	0
506	416	415	-260.8242045	8.66	0	0
507	417	251	-24.431957	320.29	0	0
508	417	468	-30.61005847	320.29	0	0
509	417	469	-22.30698878	320.29	0	0
510	417	474	-30.12683397	320.29	0	0
511	418	417	-284.3332386	109.42	0	0
512	419	48	-22.45929253	320.29	0	0
513	419	102	-28.62213063	320.29	0	0
514	420	419	-266.4535039	8.45	0	0
515	421	1	-19.39676074	320.29	0	0
516	421	354	-21.8483723	320.29	0	0
517	422	421	-321.9575016	65.44	0	0
518	423	87	-56.73115108	320.29	0	0
519	423	496	-27.82028098	320.29	0	0
520	424	423	-258.7991718	273.23	0	0
521	425	297	-250.1876407	1493.89	0	0
522	426	425	-31.06554831	554	0	0
523	427	426	-330.3600925	18.8	0	0
524	428	151	-166.3616703	1493.89	0	0
525	428	246	-68.66717023	1493.89	0	0
526	429	139	-70.95217823	320.29	0	0
527	429	428	-115.2073733	646	0	0
528	429	466	-58.84429799	320.29	0	0
529	430	428	-15.73564123	207	0	0
530	431	428	-27.42731761	225	0	0
531	432	428	-31.49606299	204	0	0
532	433	428	-10.99142669	218	0	0
533	434	428	-44.16961131	231	0	0
534	435	428	-35.38570418	458	0	0
535	436	428	-69.88120196	457	0	0
536	437	428	-54.22993492	471	0	0
537	438	428	-43.06632214	492	0	0
538	439	428	-68.87052342	474	0	0
539	440	57	-114.6000458	1493.89	0	0
540	440	386	-81.53281696	1493.89	0	0
541	441	384	-35.46728143	320.29	0	0
542	441	440	-34.80682214	649	0	0
543	442	440	-22.37637055	267	0	0
544	443	440	-37.46721619	385	0	0
545	444	440	-11.16944041	202	0	0
546	445	185	-35.45973547	320.29	0	0
547	445	461	-31.46138115	320.29	0	0
548	446	445	-279.4076558	130.2	0	0
549	448	447	-260.2811036	76.12	0	0
550	449	330	-50.22853986	320.29	0	0
551	450	449	-300.4807692	1.48	0	0
552	451	449	-313.1850924	3.29	0	0
553	452	76	-51.75447676	320.29	0	0
554	454	29	-44.13841808	320.29	0	0
555	454	453	-32.71180896	634	0	0
556	455	453	-61.88118812	551	0	0
557	456	453	-59.95203837	651	0	0
558	458	457	-13.85425326	207	0	0
559	459	496	-52.62603936	320.29	0	0
560	460	340	-28.15949538	320.29	0	0
561	462	465	-31.83294073	320.29	0	0
562	462	477	-20.77231466	320.29	0	0
563	463	462	-10.44386423	80	0	0
564	465	464	-36.72420125	384	0	0
565	466	60	-51.77591384	320.29	0	0
566	468	289	-18.0485868	320.29	0	0
567	470	467	-66.81365671	320.29	0	0
568	471	464	-163.1853786	1493.89	0	0
569	472	99	-31.38337936	320.29	0	0
570	472	471	-53.50454789	501	0	0
571	473	133	-21.9024465	320.29	0	0
572	475	147	-32.6957659	320.29	0	0
573	475	269	-29.46636415	320.29	0	0
574	476	486	-41.63544009	320.29	0	0
575	477	295	-29.87750224	320.29	0	0
576	479	354	-23.7964924	320.29	0	0
577	480	479	-15.86294416	221	0	0
578	481	479	-18.16860465	160	0	0
579	482	479	-31.42677561	187	0	0
580	483	479	-9.933445912	187	0	0
581	484	479	-18.21825469	140	0	0
582	485	454	-50.79236083	320.29	0	0
583	485	499	-28.88837532	320.29	0	0
584	488	156	-58.56515373	320.29	0	0
585	488	210	-28.05757414	320.29	0	0
586	489	149	-42.61484701	320.29	0	0
587	490	117	-36.35306093	320.29	0	0
588	491	326	-43.58627904	320.29	0	0
589	492	336	-16.47582173	320.29	0	0
590	492	405	-24.09870831	320.29	0	0
591	493	380	-30.54554341	320.29	0	0
592	494	493	-15.55209953	75	0	0
593	495	449	-61.85439475	320.29	0	0
594	496	143	-51.06991471	320.29	0	0
595	497	496	-15.45595054	204	0	0
596	498	496	-8.50701829	150	0	0
597	500	489	-23.21640007	320.29	0	0
;

# Loads the data for the Load's percentage of peak annual load (same 24 bus)
param: LOAD: load_pcnt:= 
1	78
2	79
3	83
4	88
5	90
6	95
7	97
8	100
9	98
10	91
11	90
12	88
13	85
14	80
15	88
16	87
17	85
18	80
19	80
20	75
21	70
22	68
23	65
24	70;
