#### Load data:

# Loads the data for the Buses and assigns the columns
param: BUS: bus_num bus_Pd:= 
1	1	108
2	2	97
3	3	180
4	4	74
5	5	71
6	6	136
7	7	125
8	8	171
9	9	175
10	10	195
11	11	0
12	12	0
13	13	745
14	14	80.4
15	15	131.4
16	16	100
17	17	0
18	18	333
19	19	75.1
20	20	53.1
21	21	0
22	22	0
23	23	0
24	24	0
25	25	108
26	26	97
27	27	180
28	28	74
29	29	71
30	30	136
31	31	125
32	32	171
33	33	175
34	34	195
35	35	0
36	36	0
37	37	745
38	38	80.4
39	39	131.4
40	40	100
41	41	0
42	42	333
43	43	75.1
44	44	53.1
45	45	0
46	46	0
47	47	0
48	48	0
49	49	108
50	50	97
51	51	180
52	52	74
53	53	71
54	54	136
55	55	125
56	56	171
57	57	175
58	58	195
59	59	0
60	60	0
61	61	745
62	62	80.4
63	63	131.4
64	64	100
65	65	0
66	66	333
67	67	75.1
68	68	53.1
69	69	0
70	70	0
71	71	0
72	72	0
73	73	0;

# Loads the data for the GENs and assigns the columns
param: GEND: genD_bus genD_minUP genD_minDN genD_status genD_Pmax genD_Pmin genC_Startup genC_Cost
genC_NLoad SPRamp NSRamp HRamp StartRamp gen_Style:= 
1	1	1	1	1	20	15.8	75.85	163.02	1138.68	20	20	20	20	0
2	1	1	1	1	20	15.8	75.85	163.02	1138.68	20	20	20	20	0
3	1	8	4	1	76	15.2	1060.88	19.64	130.63	20	0	76	76	0
4	1	8	4	1	76	15.2	1060.88	19.64	130.63	20	0	76	76	0
5	2	1	1	1	20	15.8	75.85	163.02	1138.68	20	20	20	20	0
6	2	1	1	1	20	15.8	75.85	163.02	1138.68	20	20	20	20	0
7	2	8	4	1	76	15.2	1060.88	19.64	130.63	20	0	76	76	0
8	2	8	4	1	76	15.2	1060.88	19.64	130.63	20	0	76	76	0
9	7	8	8	1	100	25	4754.4	75.64	839.45	70	0	100	100	0
10	7	8	8	1	100	25	4754.4	75.64	839.45	70	0	100	100	0
11	7	8	8	1	100	25	4754.4	75.64	839.45	70	0	100	100	0
12	13	12	10	1	197	68.95	6510	74.75	1159.93	30	0	180	197	0
13	13	12	10	1	197	68.95	6510	74.75	1159.93	30	0	180	197	0
14	13	12	10	1	197	68.95	6510	74.75	1159.93	30	0	180	197	0
15	14	1	1	1	0	0	0	0	0	0	0	0	0	0
16	15	4	2	1	12	2.4	571.2	94.74	72.68	10	0	12	12	0
17	15	4	2	1	12	2.4	571.2	94.74	72.68	10	0	12	12	0
18	15	4	2	1	12	2.4	571.2	94.74	72.68	10	0	12	12	0
19	15	4	2	1	12	2.4	571.2	94.74	72.68	10	0	12	12	0
20	15	4	2	1	12	2.4	571.2	94.74	72.68	10	0	12	12	0
21	15	8	8	1	155	54.25	1696.34	15.46	252.67	30	0	155	155	0
22	16	8	8	1	155	54.25	1696.34	15.46	252.67	30	0	155	155	0
23	18	48	48	1	400	100	2400	5.46	215.08	200	0	400	400	0
24	21	48	48	1	400	100	2400	5.46	215.08	200	0	400	400	0
25	22	1	1	1	50	0	0	0	0	50	50	50	50	0
26	22	1	1	1	50	0	0	0	0	50	50	50	50	0
27	22	1	1	1	50	0	0	0	0	50	50	50	50	0
28	22	1	1	1	50	0	0	0	0	50	50	50	50	0
29	22	1	1	1	50	0	0	0	0	50	50	50	50	0
30	22	1	1	1	50	0	0	0	0	50	50	50	50	0
31	23	8	8	1	155	54.25	1696.34	15.46	252.67	30	0	155	155	0
32	23	8	8	1	155	54.25	1696.34	15.46	252.67	30	0	155	155	0
33	23	24	48	1	350	140	7953.04	15.89	358.23	40	0	240	350	0
34	25	1	1	1	20	15.8	75.85	163.02	1138.68	20	20	20	20	0
35	25	1	1	1	20	15.8	75.85	163.02	1138.68	20	20	20	20	0
36	25	8	4	1	76	15.2	1060.88	19.64	130.63	20	0	76	76	0
37	25	8	4	1	76	15.2	1060.88	19.64	130.63	20	0	76	76	0
38	26	1	1	1	20	15.8	75.85	163.02	1138.68	20	20	20	20	0
39	26	1	1	1	20	15.8	75.85	163.02	1138.68	20	20	20	20	0
40	26	8	4	1	76	15.2	1060.88	19.64	130.63	20	0	76	76	0
41	26	8	4	1	76	15.2	1060.88	19.64	130.63	20	0	76	76	0
42	31	8	8	1	100	25	4754.4	75.64	839.45	70	0	100	100	0
43	31	8	8	1	100	25	4754.4	75.64	839.45	70	0	100	100	0
44	31	8	8	1	100	25	4754.4	75.64	839.45	70	0	100	100	0
45	37	12	10	1	197	68.95	6510	74.75	1159.93	30	0	180	197	0
46	37	12	10	1	197	68.95	6510	74.75	1159.93	30	0	180	197	0
47	37	12	10	1	197	68.95	6510	74.75	1159.93	30	0	180	197	0
48	38	1	1	1	0	0	0	0	0	0	0	0	0	0
49	39	4	2	1	12	2.4	571.2	94.74	72.68	10	0	12	12	0
50	39	4	2	1	12	2.4	571.2	94.74	72.68	10	0	12	12	0
51	39	4	2	1	12	2.4	571.2	94.74	72.68	10	0	12	12	0
52	39	4	2	1	12	2.4	571.2	94.74	72.68	10	0	12	12	0
53	39	4	2	1	12	2.4	571.2	94.74	72.68	10	0	12	12	0
54	39	8	8	1	155	54.25	1696.34	15.46	252.67	30	0	155	155	0
55	40	8	8	1	155	54.25	1696.34	15.46	252.67	30	0	155	155	0
56	42	48	48	1	400	100	2400	5.46	215.08	200	0	400	400	0
57	45	48	48	1	400	100	2400	5.46	215.08	200	0	400	400	0
58	46	1	1	1	50	0	0	0	0	50	50	50	50	0
59	46	1	1	1	50	0	0	0	0	50	50	50	50	0
60	46	1	1	1	50	0	0	0	0	50	50	50	50	0
61	46	1	1	1	50	0	0	0	0	50	50	50	50	0
62	46	1	1	1	50	0	0	0	0	50	50	50	50	0
63	46	1	1	1	50	0	0	0	0	50	50	50	50	0
64	47	8	8	1	155	54.25	1696.34	15.46	252.67	30	0	155	155	0
65	47	8	8	1	155	54.25	1696.34	15.46	252.67	30	0	155	155	0
66	47	24	48	1	350	140	7953.04	15.89	358.23	40	0	240	350	0
67	49	1	1	1	20	15.8	75.85	163.02	1138.68	20	20	20	20	0
68	49	1	1	1	20	15.8	75.85	163.02	1138.68	20	20	20	20	0
69	49	8	4	1	76	15.2	1060.88	19.64	130.63	20	0	76	76	0
70	49	8	4	1	76	15.2	1060.88	19.64	130.63	20	0	76	76	0
71	50	1	1	1	20	15.8	75.85	163.02	1138.68	20	20	20	20	0
72	50	1	1	1	20	15.8	75.85	163.02	1138.68	20	20	20	20	0
73	50	8	4	1	76	15.2	1060.88	19.64	130.63	20	0	76	76	0
74	50	8	4	1	76	15.2	1060.88	19.64	130.63	20	0	76	76	0
75	55	8	8	1	100	25	4754.4	75.64	839.45	70	0	100	100	0
76	55	8	8	1	100	25	4754.4	75.64	839.45	70	0	100	100	0
77	55	8	8	1	100	25	4754.4	75.64	839.45	70	0	100	100	0
78	61	12	10	1	197	68.95	6510	74.75	1159.93	30	0	180	197	0
79	61	12	10	1	197	68.95	6510	74.75	1159.93	30	0	180	197	0
80	61	12	10	1	197	68.95	6510	74.75	1159.93	30	0	180	197	0
81	62	1	1	1	0	0	0	0	0	0	0	0	0	0
82	63	4	2	1	12	2.4	571.2	94.74	72.68	10	0	12	12	0
83	63	4	2	1	12	2.4	571.2	94.74	72.68	10	0	12	12	0
84	63	4	2	1	12	2.4	571.2	94.74	72.68	10	0	12	12	0
85	63	4	2	1	12	2.4	571.2	94.74	72.68	10	0	12	12	0
86	63	4	2	1	12	2.4	571.2	94.74	72.68	10	0	12	12	0
87	63	8	8	1	155	54.25	1696.34	15.46	252.67	30	0	155	155	0
88	64	8	8	1	155	54.25	1696.34	15.46	252.67	30	0	155	155	0
89	66	48	48	1	400	100	2400	5.46	215.08	200	0	400	400	0
90	69	48	48	1	400	100	2400	5.46	215.08	200	0	400	400	0
91	70	1	1	1	50	0	0	0	0	50	50	50	50	0
92	70	1	1	1	50	0	0	0	0	50	50	50	50	0
93	70	1	1	1	50	0	0	0	0	50	50	50	50	0
94	70	1	1	1	50	0	0	0	0	50	50	50	50	0
95	70	1	1	1	50	0	0	0	0	50	50	50	50	0
96	70	1	1	1	50	0	0	0	0	50	50	50	50	0
97	71	8	8	1	155	54.25	1696.34	15.46	252.67	30	0	155	155	0
98	71	8	8	1	155	54.25	1696.34	15.46	252.67	30	0	155	155	0
99	71	24	48	1	350	140	7953.04	15.89	358.23	40	0	240	350	0;

param: BRANCH: branch_fbus branch_tbus branch_b branch_rateA branch_rateC branch_radial:=
1	1	2	-71.4286	157.5	180		0
2	1	3	-4.7393		157.5	198		0
3	1	5	-11.7647	157.5	198		0
4	2	4	-7.8740		157.5	198		0
5	2	6	-5.2083		157.5	198		0
6	3	9	-8.4034		157.5	198		0
7	3	24	-11.9048	360		540		0
8	4	9	-9.6154		157.5	198		0
9	5	10	-11.3636	157.5	198		0
10	6	10	-16.3934	157.5	180		0
11	7	8	-16.3934	157.5	198		0
12	7	27	-6.2112		157.5	198		0
13	8	9	-6.0606		157.5	198		0
14	8	10	-6.0606		157.5	198		0
15	9	11	-11.9048	360		540		0
16	9	12	-11.9048	360		540		0
17	10	11	-11.9048	360		540		0
18	10	12	-11.9048	360		540		0
19	11	14	-23.8095	450		562.5	0
20	12	13	-20.8333	450		562.5	0
21	12	23	-10.3093	450		562.5	0
22	13	23	-11.4943	450		562.5	0
23	13	39	-13.3333	450		562.5	0
24	14	16	-16.9492	315		393.75	0
25	15	16	-58.8235	450		562.5	0
26	15	21	-20.4082	450		562.5	0
27	15	21	-20.4082	450		562.5	0
28	15	24	-19.2308	450		562.5	0
29	16	17	-38.4615	450		562.5	0
30	16	19	-43.4783	450		562.5	0
31	17	18	-71.4286	450		562.5	0
32	17	22	-9.5238		450		562.5	0
33	18	21	-38.4615	450		562.5	0
34	18	21	-38.4615	450		562.5	0
35	19	20	-25.0000	450		562.5	0
36	19	20	-25.0000	450		562.5	0
37	20	23	-45.4545	450		562.5	0
38	20	23	-45.4545	450		562.5	0
39	21	22	-14.7059	450		562.5	0
40	23	41	-13.5135	450		562.5	0
41	25	26	-71.4286	157.5	180		0
42	25	27	-4.7393		157.5	198		0
43	25	29	-11.7647	157.5	198		0
44	26	28	-7.8740		157.5	198		0
45	26	30	-5.2083		157.5	198		0
46	27	33	-8.4034		157.5	198		0
47	27	48	-11.9048	360		540		0
48	28	33	-9.6154		157.5	198		0
49	29	34	-11.3636	157.5	198		0
50	30	34	-16.3934	157.5	180		0
51	31	32	-16.3934	157.5	198		1
52	32	33	-6.0606		157.5	198		0
53	32	34	-6.0606		157.5	198		0
54	33	35	-11.9048	360		540		0
55	33	36	-11.9048	360		540		0
56	34	35	-11.9048	360		540		0
57	34	36	-11.9048	360		540		0
58	35	38	-23.8095	450		562.5	0
59	36	37	-20.8333	450		562.5	0
60	36	47	-10.3093	450		562.5	0
61	37	47	-11.4943	450		562.5	0
62	38	40	-16.9492	315		393.75	0
63	39	40	-58.8235	450		562.5	0
64	39	45	-20.4082	450		562.5	0
65	39	45	-20.4082	450		562.5	0
66	39	48	-19.2308	450		562.5	0
67	40	41	-38.4615	450		562.5	0
68	40	43	-43.4783	450		562.5	0
69	41	42	-71.4286	450		562.5	0
70	41	46	-9.5238		450		562.5	0
71	42	45	-38.4615	450		562.5	0
72	42	45	-38.4615	450		562.5	0
73	43	44	-25.0000	450		562.5	0
74	43	44	-25.0000	450		562.5	0
75	44	47	-45.4545	450		562.5	0
76	44	47	-45.4545	450		562.5	0
77	45	46	-14.7059	450		562.5	0
78	49	50	-71.4286	157.5	180		0
79	49	51	-4.7393		157.5	198		0
80	49	53	-11.7647	157.5	198		0
81	50	52	-7.8740		157.5	198		0
82	50	54	-5.2083		157.5	198		0
83	51	57	-8.4034		157.5	198		0
84	51	72	-11.9048	360		540		0
85	52	57	-9.6154		157.5	198		0
86	53	58	-11.3636	157.5	198		0
87	54	58	-16.3934	157.5	180		0
88	55	56	-16.3934	157.5	198		1
89	56	57	-6.0606		157.5	198		0
90	56	58	-6.0606		157.5	198		0
91	57	59	-11.9048	360		540		0
92	57	60	-11.9048	360		540		0
93	58	59	-11.9048	360		540		0
94	58	60	-11.9048	360		540		0
95	59	62	-23.8095	450		562.5	0
96	60	61	-20.8333	450		562.5	0
97	60	71	-10.3093	450		562.5	0
98	61	71	-11.4943	450		562.5	0
99	62	64	-16.9492	315		393.75	0
100	63	64	-58.8235	450		562.5	0
101	63	69	-20.4082	450		562.5	0
102	63	69	-20.4082	450		562.5	0
103	63	72	-19.2308	450		562.5	0
104	64	65	-38.4615	450		562.5	0
105	64	67	-43.4783	450		562.5	0
106	65	66	-71.4286	450		562.5	0
107	65	70	-9.5238		450		562.5	0
108	66	69	-38.4615	450		562.5	0
109	66	69	-38.4615	450		562.5	0
110	67	68	-25.0000	450		562.5	0
111	67	68	-25.0000	450		562.5	0
112	68	71	-45.4545	450		562.5	0
113	68	71	-45.4545	450		562.5	0
114	69	70	-14.7059	450		562.5	0
115	73	21	-10.3093	450		562.5	0
116	66	47	-9.6154		450		562.5	0
117	71	73	-111.1111	649.8	803.7	0;


# Loads the data for the Load's percentage of peak annual load
param: LOAD: load_pcnt:= 
1	62.3
2	58.6
3	55.8
4	54.9
5	54.9
6	55.8
7	68.8
8	80.0
9	88.4
10	89.3
11	89.3
12	88.4
13	88.4
14	88.4
15	86.5
16	87.4
17	90
18	90
19	95
20	95
21	84.6
22	77.2
23	67.9
24	58.6;
